## INNER REGION
-320  -580 -320  400
-240  -580 -240  400
-160  -580 -160  400
 -80 -1600  -80  560
 320  -400  320  560
 240  -400  240  560
 160  -400  160  560
  80  -400   80  560
-400  -320  400 -320
-400  -240  400 -240
-400  -160  400 -160
-400   -80  400  -80
-400   320  400  320
-400   240  400  240
-400   160  400  160
-400    80  400   80

## INNER REGION BORDER
-400 -1600 -400  1600
-400   400  400   400
 400   400  400  -400
 400  -400 -400  -400

## OUTER REGION BORDER
-1600 -1600 -1600  1600
-1600  1600  1600  1600
 1600  1600  1600 -1600
 1600 -1600 -1600 -1600

## WASTELANDS REGION BORDER
-6400 -6400 -6400  6400
-6400  6400  6400  6400
 6400  6400  6400 -6400
 6400 -6400 -6400 -6400

0 0  -64000  -64000
0 0  -64000       0
0 0  -64000   64000
0 0       0  -64000
0 0   64000  -64000
0 0   64000       0
0 0   64000   64000
0 0       0   64000

## NORTH
-320 -580 -160 -580
-400 -520    0 -520
-340 -640 640 -640
-1420 -3200 -1420 1600
3200 -3200 3200 -6400

## WEST
-1200 0 -4800 -3600
-1760 560 1760 560
-1200 0 -4800 3600
-4800 2000 -4800 6400
-4800 3600 -7800 3600
-6400 2000 -3200 2000

## EAST
1200 0 4800 -3600
1200 0 4800 3600
0 -800 7000 -800

#2 Months
-8000 -8000
#2 Months
-8000 8000
#2 Months
8000 -8000
#2 Months
8000 8000
#9 Days
0 -7600
#ARDER
0 -8000
#1 Day
0 8400
#LIMOGEN
0 8000
#End Not Found
-8000 600
#2 Months 9 Days
-8000 0
#End Not Found
8000 600
#3 Months 2 Days
8000 0